{
 "cells": [
  {
   "cell_type": "code",
   "execution_count": 1,
   "metadata": {
    "collapsed": false
   },
   "outputs": [
    {
     "data": {
      "text/html": [
       "<div>\n",
       "<table border=\"1\" class=\"dataframe\">\n",
       "  <thead>\n",
       "    <tr style=\"text-align: right;\">\n",
       "      <th></th>\n",
       "      <th>sepal_len</th>\n",
       "      <th>sepal_wid</th>\n",
       "      <th>petal_len</th>\n",
       "      <th>petal_wid</th>\n",
       "      <th>class</th>\n",
       "    </tr>\n",
       "  </thead>\n",
       "  <tbody>\n",
       "    <tr>\n",
       "      <th>145</th>\n",
       "      <td>6.7</td>\n",
       "      <td>3.0</td>\n",
       "      <td>5.2</td>\n",
       "      <td>2.3</td>\n",
       "      <td>Iris-virginica</td>\n",
       "    </tr>\n",
       "    <tr>\n",
       "      <th>146</th>\n",
       "      <td>6.3</td>\n",
       "      <td>2.5</td>\n",
       "      <td>5.0</td>\n",
       "      <td>1.9</td>\n",
       "      <td>Iris-virginica</td>\n",
       "    </tr>\n",
       "    <tr>\n",
       "      <th>147</th>\n",
       "      <td>6.5</td>\n",
       "      <td>3.0</td>\n",
       "      <td>5.2</td>\n",
       "      <td>2.0</td>\n",
       "      <td>Iris-virginica</td>\n",
       "    </tr>\n",
       "    <tr>\n",
       "      <th>148</th>\n",
       "      <td>6.2</td>\n",
       "      <td>3.4</td>\n",
       "      <td>5.4</td>\n",
       "      <td>2.3</td>\n",
       "      <td>Iris-virginica</td>\n",
       "    </tr>\n",
       "    <tr>\n",
       "      <th>149</th>\n",
       "      <td>5.9</td>\n",
       "      <td>3.0</td>\n",
       "      <td>5.1</td>\n",
       "      <td>1.8</td>\n",
       "      <td>Iris-virginica</td>\n",
       "    </tr>\n",
       "  </tbody>\n",
       "</table>\n",
       "</div>"
      ],
      "text/plain": [
       "     sepal_len  sepal_wid  petal_len  petal_wid           class\n",
       "145        6.7        3.0        5.2        2.3  Iris-virginica\n",
       "146        6.3        2.5        5.0        1.9  Iris-virginica\n",
       "147        6.5        3.0        5.2        2.0  Iris-virginica\n",
       "148        6.2        3.4        5.4        2.3  Iris-virginica\n",
       "149        5.9        3.0        5.1        1.8  Iris-virginica"
      ]
     },
     "execution_count": 1,
     "metadata": {},
     "output_type": "execute_result"
    }
   ],
   "source": [
    "import pandas as pd\n",
    "\n",
    "df = pd.read_csv(\n",
    "    filepath_or_buffer='https://archive.ics.uci.edu/ml/machine-learning-databases/iris/iris.data', \n",
    "    header=None, \n",
    "    sep=',')\n",
    "\n",
    "df.columns=['sepal_len', 'sepal_wid', 'petal_len', 'petal_wid', 'class']\n",
    "df.dropna(how=\"all\", inplace=True) # drops the empty line at file-end\n",
    "\n",
    "df.tail()"
   ]
  },
  {
   "cell_type": "code",
   "execution_count": 2,
   "metadata": {
    "collapsed": true
   },
   "outputs": [],
   "source": [
    "\n",
    "# split data table into data X and class labels y\n",
    "\n",
    "X = df.ix[:,0:4].values\n",
    "y = df.ix[:,4].values"
   ]
  },
  {
   "cell_type": "code",
   "execution_count": 3,
   "metadata": {
    "collapsed": false
   },
   "outputs": [],
   "source": [
    "import plotly.plotly as py\n",
    "from plotly.graph_objs import *\n",
    "import plotly.tools as tls\n",
    "tls.set_credentials_file(username='viken.parikh', api_key='QurABfdXuM5wuxJQZUmd')\n"
   ]
  },
  {
   "cell_type": "code",
   "execution_count": 4,
   "metadata": {
    "collapsed": false
   },
   "outputs": [],
   "source": [
    "\n",
    "# plotting histograms\n",
    "\n",
    "traces = []\n",
    "\n",
    "legend = {0:False, 1:False, 2:False, 3:True}\n",
    "\n",
    "colors = {'Iris-setosa': 'rgb(31, 119, 180)', \n",
    "          'Iris-versicolor': 'rgb(255, 127, 14)', \n",
    "          'Iris-virginica': 'rgb(44, 160, 44)'}\n",
    "\n",
    "for col in range(4):\n",
    "    for key in colors:\n",
    "        traces.append(Histogram(x=X[y==key, col], \n",
    "                        opacity=0.75,\n",
    "                        xaxis='x%s' %(col+1),\n",
    "                        marker=Marker(color=colors[key]),\n",
    "                        name=key,\n",
    "                        showlegend=legend[col]))\n",
    "\n",
    "data = Data(traces)\n",
    "\n",
    "layout = Layout(barmode='overlay',\n",
    "                xaxis=XAxis(domain=[0, 0.25], title='sepal length (cm)'),\n",
    "                xaxis2=XAxis(domain=[0.3, 0.5], title='sepal width (cm)'),\n",
    "                xaxis3=XAxis(domain=[0.55, 0.75], title='petal length (cm)'),\n",
    "                xaxis4=XAxis(domain=[0.8, 1], title='petal width (cm)'),\n",
    "                yaxis=YAxis(title='count'),\n",
    "                title='Distribution of the different Iris flower features')\n",
    "\n",
    "fig = Figure(data=data, layout=layout)\n",
    "#py.iplot(fig)\n"
   ]
  },
  {
   "cell_type": "code",
   "execution_count": 5,
   "metadata": {
    "collapsed": true
   },
   "outputs": [],
   "source": [
    "from sklearn.preprocessing import StandardScaler\n",
    "X_std = StandardScaler().fit_transform(X)"
   ]
  },
  {
   "cell_type": "code",
   "execution_count": 6,
   "metadata": {
    "collapsed": false
   },
   "outputs": [
    {
     "name": "stdout",
     "output_type": "stream",
     "text": [
      "Covariance matrix \n",
      "[[ 1.00671141 -0.11010327  0.87760486  0.82344326]\n",
      " [-0.11010327  1.00671141 -0.42333835 -0.358937  ]\n",
      " [ 0.87760486 -0.42333835  1.00671141  0.96921855]\n",
      " [ 0.82344326 -0.358937    0.96921855  1.00671141]]\n",
      "NumPy covariance matrix: \n",
      "[[ 1.00671141 -0.11010327  0.87760486  0.82344326]\n",
      " [-0.11010327  1.00671141 -0.42333835 -0.358937  ]\n",
      " [ 0.87760486 -0.42333835  1.00671141  0.96921855]\n",
      " [ 0.82344326 -0.358937    0.96921855  1.00671141]]\n",
      "Eigenvectors \n",
      "[[ 0.52237162 -0.37231836 -0.72101681  0.26199559]\n",
      " [-0.26335492 -0.92555649  0.24203288 -0.12413481]\n",
      " [ 0.58125401 -0.02109478  0.14089226 -0.80115427]\n",
      " [ 0.56561105 -0.06541577  0.6338014   0.52354627]]\n",
      "\n",
      "Eigenvalues \n",
      "[ 2.93035378  0.92740362  0.14834223  0.02074601]\n"
     ]
    }
   ],
   "source": [
    "import numpy as np\n",
    "mean_vec = np.mean(X_std, axis=0)\n",
    "cov_mat = (X_std - mean_vec).T.dot((X_std - mean_vec)) / (X_std.shape[0]-1)\n",
    "print('Covariance matrix \\n%s' %cov_mat)\n",
    "print('NumPy covariance matrix: \\n%s' %np.cov(X_std.T))\n",
    "cov_mat = np.cov(X_std.T)\n",
    "\n",
    "eig_vals, eig_vecs = np.linalg.eig(cov_mat)\n",
    "\n",
    "print('Eigenvectors \\n%s' %eig_vecs)\n",
    "print('\\nEigenvalues \\n%s' %eig_vals)"
   ]
  },
  {
   "cell_type": "code",
   "execution_count": 7,
   "metadata": {
    "collapsed": false
   },
   "outputs": [
    {
     "name": "stdout",
     "output_type": "stream",
     "text": [
      "Eigenvectors \n",
      "[[ 0.52237162 -0.37231836 -0.72101681  0.26199559]\n",
      " [-0.26335492 -0.92555649  0.24203288 -0.12413481]\n",
      " [ 0.58125401 -0.02109478  0.14089226 -0.80115427]\n",
      " [ 0.56561105 -0.06541577  0.6338014   0.52354627]]\n",
      "\n",
      "Eigenvalues \n",
      "[ 2.91081808  0.92122093  0.14735328  0.02060771]\n"
     ]
    }
   ],
   "source": [
    "\n",
    "cor_mat1 = np.corrcoef(X_std.T)\n",
    "\n",
    "eig_vals, eig_vecs = np.linalg.eig(cor_mat1)\n",
    "\n",
    "print('Eigenvectors \\n%s' %eig_vecs)\n",
    "print('\\nEigenvalues \\n%s' %eig_vals)\n"
   ]
  },
  {
   "cell_type": "code",
   "execution_count": 8,
   "metadata": {
    "collapsed": false
   },
   "outputs": [
    {
     "name": "stdout",
     "output_type": "stream",
     "text": [
      "Eigenvectors \n",
      "[[ 0.52237162 -0.37231836 -0.72101681  0.26199559]\n",
      " [-0.26335492 -0.92555649  0.24203288 -0.12413481]\n",
      " [ 0.58125401 -0.02109478  0.14089226 -0.80115427]\n",
      " [ 0.56561105 -0.06541577  0.6338014   0.52354627]]\n",
      "\n",
      "Eigenvalues \n",
      "[ 2.91081808  0.92122093  0.14735328  0.02060771]\n"
     ]
    }
   ],
   "source": [
    "cor_mat2 = np.corrcoef(X.T)\n",
    "\n",
    "eig_vals, eig_vecs = np.linalg.eig(cor_mat2)\n",
    "\n",
    "print('Eigenvectors \\n%s' %eig_vecs)\n",
    "print('\\nEigenvalues \\n%s' %eig_vals)"
   ]
  },
  {
   "cell_type": "code",
   "execution_count": 9,
   "metadata": {
    "collapsed": false
   },
   "outputs": [
    {
     "data": {
      "text/plain": [
       "array([[-0.52237162, -0.37231836,  0.72101681,  0.26199559],\n",
       "       [ 0.26335492, -0.92555649, -0.24203288, -0.12413481],\n",
       "       [-0.58125401, -0.02109478, -0.14089226, -0.80115427],\n",
       "       [-0.56561105, -0.06541577, -0.6338014 ,  0.52354627]])"
      ]
     },
     "execution_count": 9,
     "metadata": {},
     "output_type": "execute_result"
    }
   ],
   "source": [
    "u,s,v = np.linalg.svd(X_std.T)\n",
    "u"
   ]
  },
  {
   "cell_type": "code",
   "execution_count": 10,
   "metadata": {
    "collapsed": false
   },
   "outputs": [
    {
     "name": "stdout",
     "output_type": "stream",
     "text": [
      "Everything ok!\n"
     ]
    }
   ],
   "source": [
    "for ev in eig_vecs:\n",
    "    np.testing.assert_array_almost_equal(1.0, np.linalg.norm(ev))\n",
    "print('Everything ok!')"
   ]
  },
  {
   "cell_type": "code",
   "execution_count": 11,
   "metadata": {
    "collapsed": false
   },
   "outputs": [
    {
     "name": "stdout",
     "output_type": "stream",
     "text": [
      "Eigenvalues in descending order:\n",
      "2.91081808375\n",
      "0.921220930707\n",
      "0.147353278305\n",
      "0.0206077072356\n"
     ]
    }
   ],
   "source": [
    "\n",
    "# Make a list of (eigenvalue, eigenvector) tuples\n",
    "eig_pairs = [(np.abs(eig_vals[i]), eig_vecs[:,i]) for i in range(len(eig_vals))]\n",
    "\n",
    "# Sort the (eigenvalue, eigenvector) tuples from high to low\n",
    "eig_pairs.sort()\n",
    "eig_pairs.reverse()\n",
    "\n",
    "# Visually confirm that the list is correctly sorted by decreasing eigenvalues\n",
    "print('Eigenvalues in descending order:')\n",
    "for i in eig_pairs:\n",
    "    print(i[0])"
   ]
  },
  {
   "cell_type": "code",
   "execution_count": 12,
   "metadata": {
    "collapsed": false
   },
   "outputs": [],
   "source": [
    "tot = sum(eig_vals)\n",
    "var_exp = [(i / tot)*100 for i in sorted(eig_vals, reverse=True)]\n",
    "cum_var_exp = np.cumsum(var_exp)\n",
    "\n",
    "trace1 = Bar(\n",
    "        x=['PC %s' %i for i in range(1,5)],\n",
    "        y=var_exp,\n",
    "        showlegend=False)\n",
    "\n",
    "trace2 = Scatter(\n",
    "        x=['PC %s' %i for i in range(1,5)], \n",
    "        y=cum_var_exp,\n",
    "        name='cumulative explained variance')\n",
    "\n",
    "data = Data([trace1, trace2])\n",
    "\n",
    "layout=Layout(\n",
    "        yaxis=YAxis(title='Explained variance in percent'),\n",
    "        title='Explained variance by different principal components')\n",
    "\n",
    "fig = Figure(data=data, layout=layout)\n",
    "\n",
    "#py.iplot(fig)"
   ]
  },
  {
   "cell_type": "code",
   "execution_count": 13,
   "metadata": {
    "collapsed": false
   },
   "outputs": [
    {
     "name": "stdout",
     "output_type": "stream",
     "text": [
      "Matrix W:\n",
      " [[ 0.52237162 -0.37231836]\n",
      " [-0.26335492 -0.92555649]\n",
      " [ 0.58125401 -0.02109478]\n",
      " [ 0.56561105 -0.06541577]]\n"
     ]
    }
   ],
   "source": [
    "matrix_w = np.hstack((eig_pairs[0][1].reshape(4,1), \n",
    "                      eig_pairs[1][1].reshape(4,1)))\n",
    "\n",
    "print('Matrix W:\\n', matrix_w)"
   ]
  },
  {
   "cell_type": "code",
   "execution_count": 14,
   "metadata": {
    "collapsed": true
   },
   "outputs": [],
   "source": [
    "Y = X_std.dot(matrix_w)"
   ]
  },
  {
   "cell_type": "code",
   "execution_count": 15,
   "metadata": {
    "collapsed": false
   },
   "outputs": [],
   "source": [
    "traces = []\n",
    "\n",
    "for name in ('Iris-setosa', 'Iris-versicolor', 'Iris-virginica'):\n",
    "\n",
    "    trace = Scatter(\n",
    "        x=Y[y==name,0],\n",
    "        y=Y[y==name,1],\n",
    "        mode='markers',\n",
    "        name=name,\n",
    "        marker=Marker(\n",
    "            size=12,\n",
    "            line=Line(\n",
    "                color='rgba(217, 217, 217, 0.14)',\n",
    "                width=0.5),\n",
    "            opacity=0.8))\n",
    "    traces.append(trace)\n",
    "\n",
    "\n",
    "data = Data(traces)\n",
    "layout = Layout(showlegend=True,\n",
    "                scene=Scene(xaxis=XAxis(title='PC1'),\n",
    "                yaxis=YAxis(title='PC2'),))\n",
    "\n",
    "fig = Figure(data=data, layout=layout)\n",
    "#py.iplot(fig)"
   ]
  },
  {
   "cell_type": "code",
   "execution_count": 16,
   "metadata": {
    "collapsed": true
   },
   "outputs": [],
   "source": [
    "from sklearn.decomposition import PCA as sklearnPCA\n",
    "sklearn_pca = sklearnPCA(n_components=2)\n",
    "Y_sklearn = sklearn_pca.fit_transform(X_std)"
   ]
  },
  {
   "cell_type": "code",
   "execution_count": 17,
   "metadata": {
    "collapsed": false
   },
   "outputs": [],
   "source": [
    "traces = []\n",
    "\n",
    "for name in ('Iris-setosa', 'Iris-versicolor', 'Iris-virginica'):\n",
    "\n",
    "    trace = Scatter(\n",
    "        x=Y_sklearn[y==name,0],\n",
    "        y=Y_sklearn[y==name,1],\n",
    "        mode='markers',\n",
    "        name=name,\n",
    "        marker=Marker(\n",
    "            size=12,\n",
    "            line=Line(\n",
    "                color='rgba(217, 217, 217, 0.14)',\n",
    "                width=0.5),\n",
    "            opacity=0.8))\n",
    "    traces.append(trace)\n",
    "\n",
    "\n",
    "data = Data(traces)\n",
    "layout = Layout(xaxis=XAxis(title='PC1', showline=False),\n",
    "                yaxis=YAxis(title='PC2', showline=False))\n",
    "fig = Figure(data=data, layout=layout)\n",
    "#py.iplot(fig)"
   ]
  },
  {
   "cell_type": "code",
   "execution_count": 18,
   "metadata": {
    "collapsed": false
   },
   "outputs": [
    {
     "data": {
      "text/html": [
       "<div>\n",
       "<table border=\"1\" class=\"dataframe\">\n",
       "  <thead>\n",
       "    <tr style=\"text-align: right;\">\n",
       "      <th></th>\n",
       "      <th>Pointer FY</th>\n",
       "      <th>Pointer SY</th>\n",
       "      <th>Pointer TY</th>\n",
       "      <th>Daily distance of travel to college in km</th>\n",
       "      <th>Number of hrs of daily study</th>\n",
       "      <th>Tuition class</th>\n",
       "      <th>Hobby</th>\n",
       "      <th>Gender</th>\n",
       "      <th>Separate room for study</th>\n",
       "      <th>Appearing for competitive exams</th>\n",
       "      <th>pursuing higher studies</th>\n",
       "      <th>Campus Placement</th>\n",
       "      <th>extracurricular activities</th>\n",
       "      <th>JEE main score</th>\n",
       "      <th>Pointer of Sem VII marks</th>\n",
       "    </tr>\n",
       "  </thead>\n",
       "  <tbody>\n",
       "    <tr>\n",
       "      <th>47</th>\n",
       "      <td>10</td>\n",
       "      <td>10</td>\n",
       "      <td>9</td>\n",
       "      <td>44</td>\n",
       "      <td>2</td>\n",
       "      <td>0</td>\n",
       "      <td>1</td>\n",
       "      <td>1</td>\n",
       "      <td>1</td>\n",
       "      <td>1</td>\n",
       "      <td>1</td>\n",
       "      <td>1</td>\n",
       "      <td>1</td>\n",
       "      <td>131</td>\n",
       "      <td>7</td>\n",
       "    </tr>\n",
       "    <tr>\n",
       "      <th>48</th>\n",
       "      <td>8</td>\n",
       "      <td>9</td>\n",
       "      <td>7</td>\n",
       "      <td>6</td>\n",
       "      <td>1</td>\n",
       "      <td>0</td>\n",
       "      <td>1</td>\n",
       "      <td>1</td>\n",
       "      <td>0</td>\n",
       "      <td>1</td>\n",
       "      <td>1</td>\n",
       "      <td>0</td>\n",
       "      <td>0</td>\n",
       "      <td>112</td>\n",
       "      <td>8</td>\n",
       "    </tr>\n",
       "    <tr>\n",
       "      <th>49</th>\n",
       "      <td>7</td>\n",
       "      <td>7</td>\n",
       "      <td>8</td>\n",
       "      <td>1</td>\n",
       "      <td>0</td>\n",
       "      <td>0</td>\n",
       "      <td>1</td>\n",
       "      <td>1</td>\n",
       "      <td>0</td>\n",
       "      <td>1</td>\n",
       "      <td>1</td>\n",
       "      <td>1</td>\n",
       "      <td>1</td>\n",
       "      <td>100</td>\n",
       "      <td>8</td>\n",
       "    </tr>\n",
       "    <tr>\n",
       "      <th>50</th>\n",
       "      <td>10</td>\n",
       "      <td>8</td>\n",
       "      <td>8</td>\n",
       "      <td>22</td>\n",
       "      <td>1</td>\n",
       "      <td>0</td>\n",
       "      <td>1</td>\n",
       "      <td>1</td>\n",
       "      <td>0</td>\n",
       "      <td>0</td>\n",
       "      <td>0</td>\n",
       "      <td>1</td>\n",
       "      <td>1</td>\n",
       "      <td>109</td>\n",
       "      <td>7</td>\n",
       "    </tr>\n",
       "    <tr>\n",
       "      <th>51</th>\n",
       "      <td>10</td>\n",
       "      <td>10</td>\n",
       "      <td>9</td>\n",
       "      <td>16</td>\n",
       "      <td>1</td>\n",
       "      <td>0</td>\n",
       "      <td>1</td>\n",
       "      <td>0</td>\n",
       "      <td>1</td>\n",
       "      <td>1</td>\n",
       "      <td>0</td>\n",
       "      <td>1</td>\n",
       "      <td>0</td>\n",
       "      <td>89</td>\n",
       "      <td>9</td>\n",
       "    </tr>\n",
       "  </tbody>\n",
       "</table>\n",
       "</div>"
      ],
      "text/plain": [
       "    Pointer FY  Pointer SY  Pointer TY  \\\n",
       "47          10          10           9   \n",
       "48           8           9           7   \n",
       "49           7           7           8   \n",
       "50          10           8           8   \n",
       "51          10          10           9   \n",
       "\n",
       "    Daily distance of travel to college in km  Number of hrs of daily study  \\\n",
       "47                                         44                             2   \n",
       "48                                          6                             1   \n",
       "49                                          1                             0   \n",
       "50                                         22                             1   \n",
       "51                                         16                             1   \n",
       "\n",
       "    Tuition class  Hobby  Gender  Separate room for study  \\\n",
       "47              0      1       1                        1   \n",
       "48              0      1       1                        0   \n",
       "49              0      1       1                        0   \n",
       "50              0      1       1                        0   \n",
       "51              0      1       0                        1   \n",
       "\n",
       "    Appearing for competitive exams  pursuing higher studies  \\\n",
       "47                                1                        1   \n",
       "48                                1                        1   \n",
       "49                                1                        1   \n",
       "50                                0                        0   \n",
       "51                                1                        0   \n",
       "\n",
       "    Campus Placement  extracurricular activities  JEE main score  \\\n",
       "47                 1                           1             131   \n",
       "48                 0                           0             112   \n",
       "49                 1                           1             100   \n",
       "50                 1                           1             109   \n",
       "51                 1                           0              89   \n",
       "\n",
       "    Pointer of Sem VII marks  \n",
       "47                         7  \n",
       "48                         8  \n",
       "49                         8  \n",
       "50                         7  \n",
       "51                         9  "
      ]
     },
     "execution_count": 18,
     "metadata": {},
     "output_type": "execute_result"
    }
   ],
   "source": [
    "import pandas as pd\n",
    "\n",
    "df = pd.read_csv(\n",
    "    filepath_or_buffer='results.csv', \n",
    "    sep=',')\n",
    "'''\n",
    "df.columns=[\"Roll No\",\"Full Name\",\"Pointer FY\",\"Pointer SY\",\"Pointer TY\",\n",
    "            \"Daily distance of travel to college in km\",\n",
    "            \"Number of hrs of daily study\",\"Tuition class\",\n",
    "            \"Hobby\",\"Gender\",\"Separate room for study\",\n",
    "            \"Appearing for competitive exams\",\"pursuing higher studies\",\n",
    "            \"Campus Placement\",\"extracurricular activities\",\n",
    "            \"JEE main score\",\"Pointer of Sem VII marks\"]\n",
    "'''\n",
    "df=df[[\"Pointer FY\",\"Pointer SY\",\"Pointer TY\",\n",
    "            \"Daily distance of travel to college in km\",\n",
    "            \"Number of hrs of daily study\",\"Tuition class\",\n",
    "            \"Hobby\",\"Gender\",\"Separate room for study\",\n",
    "            \"Appearing for competitive exams\",\"pursuing higher studies\",\n",
    "            \"Campus Placement\",\"extracurricular activities\",\n",
    "            \"JEE main score\",\"Pointer of Sem VII marks\"]]\n",
    "\n",
    "df.dropna(how=\"all\", inplace=True) # drops the empty line at file-end\n",
    "df.ix[:,14]=df.ix[:,14].fillna(7)\n",
    "df.ix[:,:]=df.ix[:,:].fillna(0)\n",
    "df.ix[:,:]=np.ceil(df.ix[:,:]).astype(int)\n",
    "df.tail()"
   ]
  },
  {
   "cell_type": "code",
   "execution_count": 19,
   "metadata": {
    "collapsed": false
   },
   "outputs": [],
   "source": [
    "# In[2]:\n",
    "\n",
    "# split data table into data X and class labels y\n",
    "\n",
    "X1 = df.ix[:,0:14].values\n",
    "y1 = df.ix[:,14].values\n",
    "\n",
    "\n",
    "# In[3]:\n",
    "\n",
    "import plotly.plotly as py\n",
    "from plotly.graph_objs import *\n",
    "import plotly.tools as tls\n",
    "tls.set_credentials_file(username='viken.parikh', api_key='QurABfdXuM5wuxJQZUmd')"
   ]
  },
  {
   "cell_type": "code",
   "execution_count": 20,
   "metadata": {
    "collapsed": false
   },
   "outputs": [
    {
     "name": "stderr",
     "output_type": "stream",
     "text": [
      "C:\\ProgramData\\Anaconda3\\lib\\site-packages\\sklearn\\utils\\validation.py:429: DataConversionWarning:\n",
      "\n",
      "Data with input dtype int32 was converted to float64 by StandardScaler.\n",
      "\n"
     ]
    }
   ],
   "source": [
    "# In[5]:\n",
    "from sklearn.preprocessing import StandardScaler\n",
    "X_std = StandardScaler().fit_transform(X1)"
   ]
  },
  {
   "cell_type": "code",
   "execution_count": 21,
   "metadata": {
    "collapsed": false
   },
   "outputs": [
    {
     "name": "stdout",
     "output_type": "stream",
     "text": [
      "Covariance matrix \n",
      "[[  1.02000000e+00   3.27695127e-01   2.55693623e-01  -1.15302917e-01\n",
      "    2.29884007e-01   1.02909625e-01   1.09579654e-01  -8.50276828e-02\n",
      "    4.05520731e-02   1.45536187e-02   1.54820780e-02   1.40153549e-01\n",
      "    2.54068798e-02   3.76282788e-01]\n",
      " [  3.27695127e-01   1.02000000e+00   9.25059400e-01   2.32938029e-02\n",
      "   -4.68092319e-01   6.31412536e-03  -1.01311083e-01  -2.10308720e-01\n",
      "    1.80139450e-01  -7.14361737e-02   2.32980071e-01  -7.29937561e-02\n",
      "   -4.48173720e-02  -2.06966830e-01]\n",
      " [  2.55693623e-01   9.25059400e-01   1.02000000e+00  -5.25413368e-02\n",
      "   -4.61281417e-01   9.07113409e-02  -1.05852872e-01  -2.03587471e-01\n",
      "    1.75976743e-01  -4.93404648e-02   2.47523196e-01  -3.42554424e-02\n",
      "    1.50737610e-02  -3.25691874e-01]\n",
      " [ -1.15302917e-01   2.32938029e-02  -5.25413368e-02   1.02000000e+00\n",
      "   -9.31363243e-02  -1.41629444e-01   1.07595276e-01  -1.99464901e-01\n",
      "    7.55151044e-02  -2.43172528e-01  -2.25930864e-02  -8.12956473e-02\n",
      "    1.68550589e-01  -1.96841848e-01]\n",
      " [  2.29884007e-01  -4.68092319e-01  -4.61281417e-01  -9.31363243e-02\n",
      "    1.02000000e+00   4.69475373e-01   2.64789416e-02  -3.07085651e-02\n",
      "   -1.25306134e-01   1.50492713e-01  -1.61084803e-01   1.42250272e-01\n",
      "   -1.54542129e-02   2.50787003e-01]\n",
      " [  1.02909625e-01   6.31412536e-03   9.07113409e-02  -1.41629444e-01\n",
      "    4.69475373e-01   1.02000000e+00   7.43911457e-02  -2.19469056e-02\n",
      "    6.02904461e-02   1.80312229e-01   5.04777334e-02  -1.21146560e-01\n",
      "    1.18042063e-01  -8.62371665e-02]\n",
      " [  1.09579654e-01  -1.01311083e-01  -1.05852872e-01   1.07595276e-01\n",
      "    2.64789416e-02   7.43911457e-02   1.02000000e+00  -2.88115668e-02\n",
      "    1.78816730e-01  -5.26024836e-02  -2.59175282e-01   4.12324312e-02\n",
      "    5.73940149e-02  -8.40072715e-04]\n",
      " [ -8.50276828e-02  -2.10308720e-01  -2.03587471e-01  -1.99464901e-01\n",
      "   -3.07085651e-02  -2.19469056e-02  -2.88115668e-02   1.02000000e+00\n",
      "   -3.32094426e-01  -9.31128348e-02  -4.17065431e-02  -4.17065431e-02\n",
      "    4.06377727e-02   1.96053368e-01]\n",
      " [  4.05520731e-02   1.80139450e-01   1.75976743e-01   7.55151044e-02\n",
      "   -1.25306134e-01   6.02904461e-02   1.78816730e-01  -3.32094426e-01\n",
      "    1.02000000e+00   2.84211888e-01   1.68675794e-01   6.36512431e-03\n",
      "   -6.20201187e-03  -2.47801338e-01]\n",
      " [  1.45536187e-02  -7.14361737e-02  -4.93404648e-02  -2.43172528e-01\n",
      "    1.50492713e-01   1.80312229e-01  -5.26024836e-02  -9.31128348e-02\n",
      "    2.84211888e-01   1.02000000e+00   5.71090361e-01  -2.85545181e-02\n",
      "   -1.71850113e-17   1.03739123e-01]\n",
      " [  1.54820780e-02   2.32980071e-01   2.47523196e-01  -2.25930864e-02\n",
      "   -1.61084803e-01   5.04777334e-02  -2.59175282e-01  -4.17065431e-02\n",
      "    1.68675794e-01   5.71090361e-01   1.02000000e+00  -3.66112853e-01\n",
      "    1.24622134e-02   4.21700024e-02]\n",
      " [  1.40153549e-01  -7.29937561e-02  -3.42554424e-02  -8.12956473e-02\n",
      "    1.42250272e-01  -1.21146560e-01   4.12324312e-02  -4.17065431e-02\n",
      "    6.36512431e-03  -2.85545181e-02  -3.66112853e-01   1.02000000e+00\n",
      "    1.24622134e-02   7.15473973e-02]\n",
      " [  2.54068798e-02  -4.48173720e-02   1.50737610e-02   1.68550589e-01\n",
      "   -1.54542129e-02   1.18042063e-01   5.73940149e-02   4.06377727e-02\n",
      "   -6.20201187e-03  -1.71850113e-17   1.24622134e-02   1.24622134e-02\n",
      "    1.02000000e+00   1.40597157e-01]\n",
      " [  3.76282788e-01  -2.06966830e-01  -3.25691874e-01  -1.96841848e-01\n",
      "    2.50787003e-01  -8.62371665e-02  -8.40072715e-04   1.96053368e-01\n",
      "   -2.47801338e-01   1.03739123e-01   4.21700024e-02   7.15473973e-02\n",
      "    1.40597157e-01   1.02000000e+00]]\n",
      "NumPy covariance matrix: \n",
      "[[  1.02000000e+00   3.27695127e-01   2.55693623e-01  -1.15302917e-01\n",
      "    2.29884007e-01   1.02909625e-01   1.09579654e-01  -8.50276828e-02\n",
      "    4.05520731e-02   1.45536187e-02   1.54820780e-02   1.40153549e-01\n",
      "    2.54068798e-02   3.76282788e-01]\n",
      " [  3.27695127e-01   1.02000000e+00   9.25059400e-01   2.32938029e-02\n",
      "   -4.68092319e-01   6.31412536e-03  -1.01311083e-01  -2.10308720e-01\n",
      "    1.80139450e-01  -7.14361737e-02   2.32980071e-01  -7.29937561e-02\n",
      "   -4.48173720e-02  -2.06966830e-01]\n",
      " [  2.55693623e-01   9.25059400e-01   1.02000000e+00  -5.25413368e-02\n",
      "   -4.61281417e-01   9.07113409e-02  -1.05852872e-01  -2.03587471e-01\n",
      "    1.75976743e-01  -4.93404648e-02   2.47523196e-01  -3.42554424e-02\n",
      "    1.50737610e-02  -3.25691874e-01]\n",
      " [ -1.15302917e-01   2.32938029e-02  -5.25413368e-02   1.02000000e+00\n",
      "   -9.31363243e-02  -1.41629444e-01   1.07595276e-01  -1.99464901e-01\n",
      "    7.55151044e-02  -2.43172528e-01  -2.25930864e-02  -8.12956473e-02\n",
      "    1.68550589e-01  -1.96841848e-01]\n",
      " [  2.29884007e-01  -4.68092319e-01  -4.61281417e-01  -9.31363243e-02\n",
      "    1.02000000e+00   4.69475373e-01   2.64789416e-02  -3.07085651e-02\n",
      "   -1.25306134e-01   1.50492713e-01  -1.61084803e-01   1.42250272e-01\n",
      "   -1.54542129e-02   2.50787003e-01]\n",
      " [  1.02909625e-01   6.31412536e-03   9.07113409e-02  -1.41629444e-01\n",
      "    4.69475373e-01   1.02000000e+00   7.43911457e-02  -2.19469056e-02\n",
      "    6.02904461e-02   1.80312229e-01   5.04777334e-02  -1.21146560e-01\n",
      "    1.18042063e-01  -8.62371665e-02]\n",
      " [  1.09579654e-01  -1.01311083e-01  -1.05852872e-01   1.07595276e-01\n",
      "    2.64789416e-02   7.43911457e-02   1.02000000e+00  -2.88115668e-02\n",
      "    1.78816730e-01  -5.26024836e-02  -2.59175282e-01   4.12324312e-02\n",
      "    5.73940149e-02  -8.40072715e-04]\n",
      " [ -8.50276828e-02  -2.10308720e-01  -2.03587471e-01  -1.99464901e-01\n",
      "   -3.07085651e-02  -2.19469056e-02  -2.88115668e-02   1.02000000e+00\n",
      "   -3.32094426e-01  -9.31128348e-02  -4.17065431e-02  -4.17065431e-02\n",
      "    4.06377727e-02   1.96053368e-01]\n",
      " [  4.05520731e-02   1.80139450e-01   1.75976743e-01   7.55151044e-02\n",
      "   -1.25306134e-01   6.02904461e-02   1.78816730e-01  -3.32094426e-01\n",
      "    1.02000000e+00   2.84211888e-01   1.68675794e-01   6.36512431e-03\n",
      "   -6.20201187e-03  -2.47801338e-01]\n",
      " [  1.45536187e-02  -7.14361737e-02  -4.93404648e-02  -2.43172528e-01\n",
      "    1.50492713e-01   1.80312229e-01  -5.26024836e-02  -9.31128348e-02\n",
      "    2.84211888e-01   1.02000000e+00   5.71090361e-01  -2.85545181e-02\n",
      "   -1.71850113e-17   1.03739123e-01]\n",
      " [  1.54820780e-02   2.32980071e-01   2.47523196e-01  -2.25930864e-02\n",
      "   -1.61084803e-01   5.04777334e-02  -2.59175282e-01  -4.17065431e-02\n",
      "    1.68675794e-01   5.71090361e-01   1.02000000e+00  -3.66112853e-01\n",
      "    1.24622134e-02   4.21700024e-02]\n",
      " [  1.40153549e-01  -7.29937561e-02  -3.42554424e-02  -8.12956473e-02\n",
      "    1.42250272e-01  -1.21146560e-01   4.12324312e-02  -4.17065431e-02\n",
      "    6.36512431e-03  -2.85545181e-02  -3.66112853e-01   1.02000000e+00\n",
      "    1.24622134e-02   7.15473973e-02]\n",
      " [  2.54068798e-02  -4.48173720e-02   1.50737610e-02   1.68550589e-01\n",
      "   -1.54542129e-02   1.18042063e-01   5.73940149e-02   4.06377727e-02\n",
      "   -6.20201187e-03  -1.71850113e-17   1.24622134e-02   1.24622134e-02\n",
      "    1.02000000e+00   1.40597157e-01]\n",
      " [  3.76282788e-01  -2.06966830e-01  -3.25691874e-01  -1.96841848e-01\n",
      "    2.50787003e-01  -8.62371665e-02  -8.40072715e-04   1.96053368e-01\n",
      "   -2.47801338e-01   1.03739123e-01   4.21700024e-02   7.15473973e-02\n",
      "    1.40597157e-01   1.02000000e+00]]\n",
      "Eigenvectors \n",
      "[[ -6.97543053e-02  -2.66911083e-01  -5.85765478e-01  -1.35517369e-01\n",
      "    1.04682918e-02  -3.99920197e-01  -4.67703025e-01  -2.77313883e-02\n",
      "    1.96372539e-01   1.37772941e-01   1.18027189e-01  -1.53597634e-01\n",
      "    2.92549087e-01  -4.68463879e-02]\n",
      " [ -5.34391767e-01   3.02324146e-04  -2.52812486e-01  -1.67542084e-01\n",
      "   -6.58815450e-01   3.22889399e-01   1.69476274e-01  -1.99267834e-01\n",
      "   -4.62059937e-02   6.83866678e-02   3.65062537e-02   8.08079088e-02\n",
      "    3.21640112e-02  -2.59382178e-03]\n",
      " [ -5.39228042e-01  -1.22935140e-02  -2.26989659e-01  -1.34568172e-01\n",
      "    7.18432915e-01   2.45127288e-01   4.62556220e-02   1.04412397e-03\n",
      "   -1.14780770e-01   4.01158691e-02   8.51344519e-03   1.74434614e-01\n",
      "   -1.22173269e-01   2.94116939e-02]\n",
      " [ -6.43003725e-02   3.06637603e-01   8.89709970e-02   3.23008883e-01\n",
      "    9.69883892e-02  -4.70972442e-02   1.74710658e-01  -1.96954263e-01\n",
      "   -8.51113801e-03   5.60063134e-01   4.43906426e-01  -1.30555371e-01\n",
      "    2.21159392e-01  -3.63175332e-01]\n",
      " [  3.77620324e-01  -3.25784032e-01  -1.99292783e-01   2.14917600e-01\n",
      "    1.31637553e-02   6.70258740e-01  -1.87885914e-01   8.53682917e-02\n",
      "    5.89423982e-02   1.33925877e-01  -4.12875765e-02   2.39834066e-01\n",
      "    1.11384671e-01  -2.83389498e-01]\n",
      " [  3.35062901e-02  -3.69251310e-01  -1.36048414e-01   2.51610149e-01\n",
      "   -4.97722803e-02  -4.01166089e-01   4.07680109e-01   2.18697332e-02\n",
      "   -4.52002274e-03   6.71129565e-02   1.26287677e-01   6.44210749e-01\n",
      "   -1.10000114e-01   5.51400239e-02]\n",
      " [  7.82188078e-02   8.91772535e-02  -2.36725265e-01   3.76172911e-01\n",
      "   -1.85132055e-02   1.25946160e-01  -7.11793022e-03   1.51346183e-01\n",
      "   -4.31597961e-01   4.76404414e-02   1.54241206e-01  -1.32643346e-01\n",
      "    2.21297500e-01   6.85798234e-01]\n",
      " [  2.15921991e-01   4.66086399e-02   1.16842223e-01  -4.43192265e-01\n",
      "    1.33108513e-02   1.13146313e-01  -4.19583738e-02  -8.08621958e-02\n",
      "    3.31956268e-01   5.58053885e-01   1.14003298e-01   1.66611120e-01\n",
      "   -1.65213500e-01   4.79775732e-01]\n",
      " [ -2.46197792e-01  -1.47247222e-01   2.49959965e-02   4.77515597e-01\n",
      "    3.22807868e-02   9.44213135e-02   1.46628834e-01   6.74686303e-02\n",
      "    7.09869500e-01  -3.42227485e-02  -1.26018861e-01  -2.84842640e-01\n",
      "   -7.82508625e-02   2.11717520e-01]\n",
      " [ -4.35578607e-02  -5.54667261e-01   2.49370729e-01   1.11541992e-01\n",
      "    4.65647047e-02  -2.00397875e-02  -1.09717638e-01  -6.07072367e-01\n",
      "   -2.93971082e-01   1.62320791e-01  -1.24922474e-01  -2.57162558e-01\n",
      "   -1.78494201e-01   7.94321084e-02]\n",
      " [ -2.58542936e-01  -4.23456983e-01   3.75230421e-01  -1.29703290e-01\n",
      "   -8.71550606e-02  -1.05045228e-02  -2.79394328e-02   6.70213977e-01\n",
      "   -1.49604544e-01   2.38389965e-01   1.55092039e-01  -1.53808450e-01\n",
      "    8.50923590e-02  -6.62012113e-02]\n",
      " [  1.22373431e-01   9.66994628e-02  -3.94564456e-01   5.26025760e-02\n",
      "   -6.61867392e-02  -9.12918844e-02   1.68578770e-01   2.40823096e-01\n",
      "   -1.76619753e-01   3.69379070e-01  -3.64667838e-01  -2.82038344e-01\n",
      "   -5.59799723e-01  -1.56706523e-01]\n",
      " [  3.04115585e-02  -2.72984411e-02  -6.78793068e-02   6.13670379e-02\n",
      "   -7.00934311e-02   7.65969051e-02  -2.26250359e-01   1.93427455e-02\n",
      "    2.47834201e-02  -2.63952363e-01   7.00783237e-01  -8.05720684e-02\n",
      "   -5.99240743e-01  -2.54821104e-02]\n",
      " [  2.70079392e-01  -2.51445016e-01  -2.04229354e-01  -3.46236953e-01\n",
      "    1.30496881e-01   1.05007551e-01   6.34528412e-01  -5.36216419e-02\n",
      "    3.95649825e-02  -1.85653131e-01   2.31411848e-01  -3.84137843e-01\n",
      "    1.76291762e-01  -2.14633901e-02]]\n",
      "\n",
      "Eigenvalues \n",
      "[ 2.74293982  1.94854291  1.65208543  1.57139052  0.06976396  0.21250356\n",
      "  0.35862621  0.24987538  0.54646972  0.60936526  1.21413697  1.18231743\n",
      "  0.93311846  0.98886437]\n",
      "Eigenvectors \n",
      "[[ -6.97543053e-02  -2.66911083e-01  -5.85765478e-01  -1.35517369e-01\n",
      "    1.04682918e-02  -3.99920197e-01  -4.67703025e-01  -2.77313883e-02\n",
      "    1.96372539e-01   1.37772941e-01   1.18027189e-01  -1.53597634e-01\n",
      "    2.92549087e-01  -4.68463879e-02]\n",
      " [ -5.34391767e-01   3.02324146e-04  -2.52812486e-01  -1.67542084e-01\n",
      "   -6.58815450e-01   3.22889399e-01   1.69476274e-01  -1.99267834e-01\n",
      "   -4.62059937e-02   6.83866678e-02   3.65062537e-02   8.08079088e-02\n",
      "    3.21640112e-02  -2.59382178e-03]\n",
      " [ -5.39228042e-01  -1.22935140e-02  -2.26989659e-01  -1.34568172e-01\n",
      "    7.18432915e-01   2.45127288e-01   4.62556220e-02   1.04412397e-03\n",
      "   -1.14780770e-01   4.01158691e-02   8.51344519e-03   1.74434614e-01\n",
      "   -1.22173269e-01   2.94116939e-02]\n",
      " [ -6.43003725e-02   3.06637603e-01   8.89709970e-02   3.23008883e-01\n",
      "    9.69883892e-02  -4.70972442e-02   1.74710658e-01  -1.96954263e-01\n",
      "   -8.51113801e-03   5.60063134e-01   4.43906426e-01  -1.30555371e-01\n",
      "    2.21159392e-01  -3.63175332e-01]\n",
      " [  3.77620324e-01  -3.25784032e-01  -1.99292783e-01   2.14917600e-01\n",
      "    1.31637553e-02   6.70258740e-01  -1.87885914e-01   8.53682917e-02\n",
      "    5.89423982e-02   1.33925877e-01  -4.12875765e-02   2.39834066e-01\n",
      "    1.11384671e-01  -2.83389498e-01]\n",
      " [  3.35062901e-02  -3.69251310e-01  -1.36048414e-01   2.51610149e-01\n",
      "   -4.97722803e-02  -4.01166089e-01   4.07680109e-01   2.18697332e-02\n",
      "   -4.52002274e-03   6.71129565e-02   1.26287677e-01   6.44210749e-01\n",
      "   -1.10000114e-01   5.51400239e-02]\n",
      " [  7.82188078e-02   8.91772535e-02  -2.36725265e-01   3.76172911e-01\n",
      "   -1.85132055e-02   1.25946160e-01  -7.11793022e-03   1.51346183e-01\n",
      "   -4.31597961e-01   4.76404414e-02   1.54241206e-01  -1.32643346e-01\n",
      "    2.21297500e-01   6.85798234e-01]\n",
      " [  2.15921991e-01   4.66086399e-02   1.16842223e-01  -4.43192265e-01\n",
      "    1.33108513e-02   1.13146313e-01  -4.19583738e-02  -8.08621958e-02\n",
      "    3.31956268e-01   5.58053885e-01   1.14003298e-01   1.66611120e-01\n",
      "   -1.65213500e-01   4.79775732e-01]\n",
      " [ -2.46197792e-01  -1.47247222e-01   2.49959965e-02   4.77515597e-01\n",
      "    3.22807868e-02   9.44213135e-02   1.46628834e-01   6.74686303e-02\n",
      "    7.09869500e-01  -3.42227485e-02  -1.26018861e-01  -2.84842640e-01\n",
      "   -7.82508625e-02   2.11717520e-01]\n",
      " [ -4.35578607e-02  -5.54667261e-01   2.49370729e-01   1.11541992e-01\n",
      "    4.65647047e-02  -2.00397875e-02  -1.09717638e-01  -6.07072367e-01\n",
      "   -2.93971082e-01   1.62320791e-01  -1.24922474e-01  -2.57162558e-01\n",
      "   -1.78494201e-01   7.94321084e-02]\n",
      " [ -2.58542936e-01  -4.23456983e-01   3.75230421e-01  -1.29703290e-01\n",
      "   -8.71550606e-02  -1.05045228e-02  -2.79394328e-02   6.70213977e-01\n",
      "   -1.49604544e-01   2.38389965e-01   1.55092039e-01  -1.53808450e-01\n",
      "    8.50923590e-02  -6.62012113e-02]\n",
      " [  1.22373431e-01   9.66994628e-02  -3.94564456e-01   5.26025760e-02\n",
      "   -6.61867392e-02  -9.12918844e-02   1.68578770e-01   2.40823096e-01\n",
      "   -1.76619753e-01   3.69379070e-01  -3.64667838e-01  -2.82038344e-01\n",
      "   -5.59799723e-01  -1.56706523e-01]\n",
      " [  3.04115585e-02  -2.72984411e-02  -6.78793068e-02   6.13670379e-02\n",
      "   -7.00934311e-02   7.65969051e-02  -2.26250359e-01   1.93427455e-02\n",
      "    2.47834201e-02  -2.63952363e-01   7.00783237e-01  -8.05720684e-02\n",
      "   -5.99240743e-01  -2.54821104e-02]\n",
